322470400100887
1197746701943
1193328010127
325508100248381
324774600246537
1037739850389
1207700119220
1245000008494
1213300003674
323645700102660
1167325059604
1217700103400
1135257002715
321774600122950
323330000006780
1137746220589
324350000043810
325470400007610
324774600031517
319631300152939
316784700308952
311334016500033
1054700098397
1227400024895
311332801400032
304332835500169
316332800101760
1025203747623
1025003516955
324774600577929
306745213200076
1055901764533
1235000054871
319435000016547
325330000010882
1155027005770
1127747206730
1163328051787
1187746204986
323210000029800
240940900721
1144401007057
324370000018557
1217700625999
304661224300171
1065007013114
324180000045991
324595800060438
314661219000031
313745210500064
320665800162392
1037821048066
319745600080325
1027700374679
317169000090432
324527500006278
1232300037199
304332735800061
1245000032452
323508100556691