325508100248381
1245000008494
1197746701943
322470400100887
324774600246537
1037739850389
311332801400032
1213300003674
323645700102660
1135257002715
324774600031517
314661219000031
325470400007610
316784700308952
1137746220589
1167325059604
321774600122950
304332835500169
1193328010127
1227400024895
1054700098397
1217700103400
1055901764533
321547600056900
316332800101760
319435000016547
311334016500033
324350000043810
306745213200076
1235000054871
323330000006780
1207700119220
323210000029800
1163328051787
1155027005770
1187746204986
320527500109279
1197746537185
1127747206730
325330000010882
324180000045991
313745210500064
1065007013114
240940900721
1025203747623
319745600080325
1144401007057
1025003516955
1217700625999
324774600577929
324370000018557
320665800162392
323730000030970
317169000090432
1027700374679
314743011800047
304661224300171
307230216900025
304332735800061
1207300010488