325508100248381
324774600246537
322470400100887
1213300003674
1197746701943
1245000008494
1054700098397
323645700102660
1167325059604
1193328010127
304332835500169
321774600122950
1037739850389
1217700103400
324774600031517
311332801400032
316784700308952
1207700119220
1137746220589
325470400007610
316332800101760
314661219000031
311334016500033
1163328051787
1135257002715
1197746438130
1227400024895
1235000054871
1187746204986
323210000029800
319435000016547
1025203747623
320527500109279
1197746537185
1127747206730
325330000010882
1217700625999
1155027005770
315643200000440
1025003516955
306745213200076
1183328005244
1065007013114
324180000045991
1144401007057
319745600080325
240940900721
304661224300171
1106731004280
313745210500064
314743011800047
1232300037199
319332800001930
317169000090432
319385000053470
304332735800061
1245000032452
323508100556691
317745600040291
1207300010488