1047796931830
1207700410675
304744836200331
320508100337274
322762700008873
316344300142445
1217700295405
1237700315236
321183200042413
324508100221815
321508100419253
318505300055487
318246800131976
1184027011080
324060000011119
324547600077071
1233600010258
324508100685340
322547600150230
324060000016220
315715400002362
1146320017249
324774600418171
321774600213311
1085024003679
304183222600065
324508100639516
324200000074960
1067746667878
325050000019757
1217700036730
314246825900031
323619600269876
306583506600012
317784700175714
324547600195252
321695200038940
1131841007100
323570000012156
1165047052202
324784700010486
318583500054660
310575218700046
308662830300013
309662328800024
322028000139690
321723200036650
1167847213368
324344300091641
324280000034424
318502900040011
324060000016383
324237500395261
324028000169977
1210500014229
315861700040762
325645700031373
320784700064845
323344300058857
324280000040675
325470400044206
321435000025459
321554300055790
321237500094519
309433923200037
1072648000413
315333200006945
1155047011481
321220200264050
1072648000435
1242600016174
1097746578863
1058602150420
1237200005460
1212600011634
1165275048960
318784700298546
317237500222143
324784700125699
1245300003684
1077758648220
1227700186394
319237500357144